231233100134433023421113314403242210034244
143341434330411111300240322432440041101011
413000041232220423132204311022323312341343
411133302421200042301323012240133430404132
042434413032341040204410342032331223140330
002234044110322423130122002122413441032011
030344404413011240333434020032211241320441
231233100134433023421113314403242210034244
143341434330411111300240322432440041101011
413000041232220423132204311022323312341343
411133302421200042301323012240133430404132
042434413032341040204410342032331223140330
002234044110322423130122002122413441032011
030344404413011240333434020032211241320441
